1902041326,0.0642604723707665
1902041327,0.07131929590017826
1902041328,0.07249576648841355
1902041329,0.08131929590017825
1902041330,0.08110360962566845
1902041332,0.08244050802139039
1902041333,0.08244050802139039
1902041334,0.0827840909090909
1902041335,0.0827840909090909
1902041336,0.08538168449197861
1902041337,0.08538168449197861
1902041338,0.08538168449197861
1902041339,0.0875886093073593
1902041340,0.0875886093073593
1902041341,0.08361697860962566
1902041342,0.08580289502164502
1902041343,0.08580289502164502
1902041344,0.08580289502164502
1902041345,0.08580289502164502
1902041346,0.08898078002244669
1902041347,0.08898078002244669
1902041348,0.08838849431818183
1902041349,0.087297278338945
1902041350,0.09233023835920177
1902041351,0.09347011784511784
1902041352,0.09347011784511784
1902041353,0.09347011784511784
1902041354,0.09347011784511784
1902041355,0.09347011784511784
1902041356,0.09347011784511784
1902041357,0.09347011784511784
1902041358,0.09347011784511784
1902041359,0.0943118686868687
1902041400,0.09549076704545455
1902041401,0.10199295166858457
1902041402,0.1015703125
1902041403,0.10242258522727272
1902041405,0.10242258522727274
1902041406,0.10417937284234753
1902041407,0.10590549482163404
1902041408,0.10130250287686995
1902041409,0.10130250287686995
1902041410,0.10132645903479236
1902041411,0.10132645903479236
1902041412,0.10259303977272727
1902041413,0.10259303977272727
1902041414,0.10343083613916948
1902041415,0.10343083613916948
1902041416,0.10343083613916948
1902041417,0.10343083613916948
1902041418,0.10034021618625277
1902041419,0.10034021618625277
1902041549,0.11000222816399284
1902041550,0.11000222816399287
1902041551,0.11000222816399287
1902041552,0.11000222816399287
1902041553,0.10492201426024955
1902041554,0.10492201426024955
1902041555,0.10492201426024955
1902041556,0.10492201426024955
1902041557,0.10492201426024955
1902041558,0.10951760249554367
1902041559,0.10784519300144299
1902041600,0.10486900252525252
1902041601,0.10486900252525252
1902041602,0.10742678307464892
1902041603,0.10742678307464892
1902041604,0.10742678307464892
1902041605,0.10914453267615917
1902041607,0.10914453267615917
1902041608,0.10914453267615917
1902041609,0.10784519300144299
1902041610,0.10784519300144299
1902041611,0.10657642602495543
1902041612,0.10699234997029115
1902041613,0.10699234997029115
1902041614,0.10574825287761334
1902041615,0.10574825287761333
1902041616,0.10453275571810053
1902041617,0.10453275571810053
1902041618,0.1033448834940312
1902041619,0.09993790931290931
1902041620,0.09885162768994289
1902041621,0.09959273440931049
1902041622,0.09415795180061486
1902041623,0.09341684508124724
1902041624,0.09241236287607256
1902041625,0.09241236287607256
1902041626,0.09241236287607256
1902041627,0.09241236287607256
1902041628,0.09241236287607256
1902041629,0.09363425925925926
1902041630,0.09336348860949925
1902041631,0.09168759606938955
1902041632,0.09119665057165056
1902041633,0.09018685496267018
1902041634,0.0911779193029193
1902041635,0.09219100729517395
1902041636,0.09322686130972647
1902041638,0.09491225456815344
1902041639,0.09491225456815344
1902041640,0.09491225456815344
1902041641,0.09599080291551881
1902041642,0.09439279155188246
1902041643,0.09439279155188246
1902041644,0.09333219838837815
1902041645,0.09333219838837815
1902041646,0.09895017591646804
1902041647,0.09895017591646804
1902041648,0.09895017591646804
1902041649,0.09895017591646804
1902041650,0.09785072951739618
1902041651,0.09785072951739618
1902041652,0.09785072951739618
1902041653,0.09752469752469752
1902041654,0.09572353974527889
1902041655,0.09463658322353974
1902041656,0.0907087176108915
1902041657,0.09215818903318904
1902041658,0.08116917804417804
1902041659,0.07593907828282828
1902041800,0.04781225718725718
1902041801,0.04781225718725718
1902041802,0.04781225718725718
1902041803,0.048686383061383065
1902041804,0.05123465669351745
1902041805,0.05189151126651126
1902041806,0.052097717683160724
1902041807,0.052765637140637145
1902041808,0.05345090515545062
1902041809,0.0599444116489571
1902041810,0.05851275917065391
1902041811,0.05929292929292929
1902041812,0.05929292929292929
1902041813,0.0585127591706539
1902041814,0.0585127591706539
1902041815,0.0585127591706539
1902041816,0.0585127591706539
1902041817,0.0585127591706539
1902041818,0.05775285320739867
1902041819,0.05775285320739867
1902041820,0.05851275917065391
1902041821,0.06424635970090514
1902041822,0.06424635970090514
1902041824,0.057752853207398654
1902041825,0.057752853207398654
1902041826,0.057752853207398654
1902041827,0.05775285320739867
1902041828,0.05775285320739867
1902041829,0.05775285320739867
1902041830,0.06188508461235733
1902041831,0.056120414673046244
1902041832,0.059409888357256774
1902041833,0.059409888357256774
1902041834,0.06269936204146731
1902041835,0.0643939393939394
1902041836,0.06527604815276047
1902041837,0.0755500207555002
1902041838,0.0755500207555002
1902041839,0.07555002075550019
1902041840,0.07555002075550019
1902041841,0.08239933582399336
1902041842,0.08239933582399336
1902041843,0.08239933582399336
1902041844,0.08239933582399336
1902041845,0.08128583128583128
1902041846,0.0822072072072072
1902041847,0.08004385964912282
1902041848,0.08004385964912282
1902041849,0.0800438596491228
1902041850,0.08004385964912282
1902041852,0.08004385964912282
1902041853,0.08094098883572566
1902041854,0.08094098883572566
1902041855,0.08094098883572566
1902041856,0.08094098883572566
1902041857,0.07988980716253442
1902041858,0.07988980716253442
1902041859,0.07988980716253442
1902041900,0.07988980716253442
1902041901,0.07988980716253442
1902041902,0.07988980716253442
1902041903,0.08094098883572566
1902041904,0.08094098883572566
1902041905,0.07839885339885339
1902041906,0.07839885339885339
1902041907,0.07839885339885339
1902041908,0.08085585585585586
1902041909,0.08085585585585586
1902041910,0.08382800608828005
1902041911,0.08382800608828005
1902041912,0.0836165711165711
1902041913,0.08298316498316498
1902041914,0.08303703703703703
1902041915,0.08303703703703703
1902041916,0.08303703703703703
1902041917,0.08303703703703703
1902041918,0.08303703703703703
1902041920,0.08303703703703703
1902041921,0.08303703703703703
1902041922,0.08415915915915916
1902041923,0.08194444444444444
1902041924,0.08095336930953369
1902041925,0.08078078078078078
1902041926,0.08078078078078078
1902041927,0.0804312865497076
1902041928,0.0804312865497076
1902041929,0.0804312865497076
1902041930,0.08043128654970762
1902041931,0.08043128654970762
1902041932,0.08437865497076023
1902042101,-0.01420651830808081
1902042102,-0.020977351641414146
1902042103,-0.02361624053030303
1902042104,-0.028601674641148322
1902042105,-0.03356020309477756
1902042107,-0.03356020309477756
1902042108,-0.035312200956937795
1902042109,-0.03668047664141414
1902042110,-0.03668047664141414
1902042111,-0.03668047664141414
1902042112,-0.03566364401591674
1902042113,-0.03768384603611876
1902042114,-0.04498882575757576
1902042115,-0.04498882575757576
1902042116,-0.04898882575757575
1902042117,-0.059140340909090906
1902042118,-0.059140340909090906
1902042119,-0.06182215909090909
1902042120,-0.06382215909090909
1902042121,-0.06382215909090909
1902042122,-0.06382215909090909
1902042123,-0.06382215909090909
1902042124,-0.06382215909090909
1902042125,-0.06717215909090908
1902042126,-0.07167215909090908
1902042127,-0.07537670454545455
1902042129,-0.07537670454545455
1902042130,-0.07287670454545454
1902042131,-0.07341003787878787
1902042132,-0.07465660391796754
1902042133,-0.07465660391796754
1902042134,-0.07591003787878786
1902042135,-0.07701350627486991
1902042136,-0.07701350627486991
1902042137,-0.0725558712121212
1902042138,-0.0725558712121212
1902042139,-0.07573768939393939
1902042140,-0.08461268939393937
1902042141,-0.08461268939393937
1902042142,-0.08729450757575757
1902042143,-0.08929450757575758
1902042144,-0.0931126893939394
1902042146,-0.09061268939393939
1902042147,-0.09061268939393939
1902042148,-0.09061268939393939
1902042149,-0.08811268939393939
1902042150,-0.08811268939393939
1902042151,-0.09898768939393938
1902042152,-0.10098768939393939
1902042153,-0.10298768939393937
1902042154,-0.10680587121212119
1902042155,-0.0998210227272727
1902042156,-0.09698768939393937
1902042157,-0.09698768939393937
1902042158,-0.09698768939393937
1902042159,-0.09698768939393937
1902042200,-0.09698768939393937
1902042202,-0.09698768939393937
1902042203,-0.09065435606060604
1902042204,-0.09265435606060603
1902042205,-0.09065435606060604
1902042206,-0.09065435606060604
1902042207,-0.09065435606060604
1902042208,-0.09065435606060604
1902042209,-0.08752965258647076
1902042210,-0.08865435606060607
1902042211,-0.09065435606060604
1902042212,-0.09265435606060604
1902042213,-0.08865435606060604
1902042214,-0.08933617424242422
1902042215,-0.08733617424242424
1902042216,-0.09092726507499233
1902051638,0.10633648678907301
1902051639,0.10030200403045232
1902051640,0.09742844081206149
1902051641,0.09838741514167651
1902051642,0.1002813545356159
1902051643,0.10143401378315171
1902051644,0.09568688734637013
1902051645,0.09459953635379771
1902051646,0.09459953635379771
1902051647,0.09459953635379771
1902051648,0.0967995255713279
1902051649,0.09738092092016512
1902051650,0.09738092092016512
1902051651,0.0955854023427553
1902051652,0.0955854023427553
1902051653,0.0955854023427553
1902051654,0.09672332379921667
1902051655,0.09672332379921667
1902051656,0.09910427618016904
1902051657,0.09910427618016904
1902051658,0.10386618094207378
1902051700,0.10386618094207378
1902051701,0.10386618094207378
1902051702,0.10386618094207378
1902051703,0.10386618094207378
1902051704,0.10264422587216705
1902051705,0.10264422587216705
1902051706,0.10511758071246023
1902051707,0.10544563075813077
1902051708,0.10544563075813077
1902051709,0.10544563075813077
1902051710,0.10681505453421038
1902051711,0.10681505453421038
1902051712,0.10822051577808157
1902051713,0.10822051577808157
1902051714,0.10681505453421038
1902051715,0.10681505453421038
1902051716,0.09577609349524933
1902051717,0.09902284674200258
1902051718,0.09902284674200258
1902051719,0.09902284674200258
1902051720,0.09902284674200258
1902051721,0.08979946314650263
1902051722,0.08979946314650263
1902051723,0.08979946314650263
1902051724,0.08979946314650263
1902051725,0.09099678932178933
1902051726,0.09099678932178933
1902051727,0.08802314735702894
1902051728,0.08802314735702894
1902051729,0.09012674284589871
1902051730,0.08894785330703052
1902051732,0.08508019758019758
1902051733,0.08397143981559566
1902051734,0.08397143981559566
1902051735,0.08930513930513931
1902051736,0.08930513930513931
1902051737,0.08930513930513931
1902051738,0.08455572205572205
1902051739,0.08981451038413063
1902051740,0.0760759262382639
1902051741,0.06750754727728411
1902051742,0.06750754727728411
1902051743,0.06750754727728411
1902051744,0.06750754727728411
1902051745,0.06750754727728411
1902051746,0.07079702096149465
1902051747,0.07079702096149465
1902051748,0.07079702096149465
1902051749,0.06421807359307359
1902051750,0.06421807359307359
1902051751,0.06421807359307359
1902051752,0.06507431457431458
1902051753,0.07934965254044202
1902051754,0.08040764790764791
1902051755,0.08263912622465253
1902051756,0.07688254727728412
1902051757,0.07790764790764791
1902051758,0.07524098124098123
1902051759,0.07524098124098123
1902051800,0.07524098124098123
1902051801,0.07524098124098123
1902051802,0.07524098124098123
1902051803,0.07524098124098123
1902051805,0.07524098124098123
1902051806,0.07524098124098125
1902051807,0.07524098124098125
1902051808,0.07524098124098125
1902051809,0.07238383838383838
1902051810,0.09605050505050504
1902051811,0.0952573682025737
1902051812,0.0952573682025737
1902051813,0.0952573682025737
1902051814,0.0826914983164983
1902051815,0.07938383838383839
1902051816,0.06338383838383839
1902051817,0.06338383838383839
1902051818,0.06338383838383839
1902051819,0.06665656565656565
1902051820,0.069989898989899
1902051821,0.06262489762489763
1902051822,0.061789898989898985
1902051823,0.061789898989898985
1902051824,0.061789898989898985
1902051825,0.061789898989898985
1902051826,0.061789898989898985
1902051827,0.05912323232323233
1902051828,0.05778989898989899
1902051829,0.06031897926634768
1902051830,0.05596418732782368
1902051831,0.054547372458764856
1902051832,0.05699053030303029
1902051833,0.0608764863828155
1902051835,0.060115530303030296
1902051836,0.060115530303030296
1902051837,0.060115530303030296
1902051838,0.060115530303030296
1902051839,0.061365530303030304
1902051840,0.06449053030303031
1902051841,0.06214230916762562
1902051842,0.06214230916762562
1902051843,0.06214230916762562
1902051844,0.06214230916762562
1902051845,0.06214230916762562
1902060952,0.017328722002635043
1902060953,0.02215824915824915
1902060954,0.01771380471380471
1902060956,0.01771380471380471
1902060957,0.01771380471380471
1902060958,0.01771380471380471
1902060959,0.01771380471380471
1902061000,0.02784002818886539
1902061001,0.023740981240981236
1902061002,0.023740981240981236
1902061003,0.023740981240981236
1902061004,0.023740981240981236
1902061005,0.023740981240981236
1902061006,0.024320029563931995
1902061007,0.01995934959349593
1902061008,0.01948412698412698
1902061009,0.01948412698412698
1902061010,0.01948412698412698
1902061011,0.01948412698412698
1902061012,0.01948412698412698
1902061013,0.01948412698412698
1902061014,0.01948412698412698
1902061015,0.01948412698412698
1902061016,0.01948412698412698
1902061017,0.01948412698412698
1902061018,0.01903100775193798
1902061019,0.01903100775193798
1902061020,0.01903100775193798
1902061021,0.01903100775193798
1902061022,0.01903100775193798
1902061023,0.01903100775193798
1902061024,0.01903100775193798
1902061025,0.01903100775193798
1902061026,0.01903100775193798
1902061027,0.01903100775193798
1902061028,0.01903100775193798
1902061029,0.024280303030303027
1902061030,0.029496124031007747
1902061031,0.01859848484848484
1902061032,0.01859848484848484
1902061033,0.013217054263565887
1902061034,0.013217054263565887
1902061036,0.013217054263565887
1902061037,0.01746212121212121
1902061038,0.01746212121212121
1902061039,0.01746212121212121
1902061040,0.012629629629629626
1902061041,0.012629629629629626
1902061042,0.005833333333333333
1902061043,0.005833333333333333
1902061044,0.005833333333333333
1902061045,0.005833333333333333
1902061046,0.012754629629629621
1902061047,0.012494331065759633
1902061048,0.01224444444444444
1902061049,0.012004357298474946
1902061050,0.012004357298474946
1902061051,0.012004357298474946
1902061052,0.012004357298474946
1902061053,0.012004357298474946
1902061054,0.012004357298474946
1902061055,0.012004357298474946
1902061056,0.020657596371882084
1902061057,0.025244444444444444
1902061058,0.025244444444444444
1902061059,0.023244444444444443
1902061100,0.023244444444444443
1902061101,0.022788671023965142
1902061102,0.022788671023965142
1902061103,0.017262824321647854
1902061104,0.01652292152292152
1902061105,0.020369075369075364
1902061106,0.019984753192300357
1902061107,0.019984753192300357
1902061108,0.019984753192300357
1902061109,0.019984753192300357
1902061110,0.019984753192300357
1902061111,0.019984753192300357
1902061113,0.019984753192300357
1902061114,0.019984753192300357
1902061115,0.019984753192300357
1902061116,0.019984753192300354
1902061117,0.019984753192300354
1902061118,0.019984753192300354
1902061119,0.009003763121410173
1902061120,0.009003763121410173
1902061121,0.009183838383838377
1902061122,0.009183838383838377
1902061123,0.009183838383838377
1902061124,0.009183838383838377
1902061125,0.009183838383838377
1902061126,0.002969276094276087
1902061127,0.002969276094276087
1902061128,0.007135942760942755
1902061129,0.007135942760942755
1902061130,0.012092352092352087
1902061131,0.01617398474541331
1902061132,0.01617398474541331
1902061133,0.0055447330447330415
1902061134,0.009843243758338093
1902061135,0.013616828663998472
1902061136,0.009070998445998442
1902061137,0.02830176767676767
1902061138,0.01828574203574203
1902061139,0.022131895881895878
1902061140,0.019054972804972807
1902061141,0.01869544501619973
1902061142,0.0190549728049728
1902061143,0.0190549728049728
1902061144,0.014921860110539358
1902061145,0.019054972804972807
1902061146,0.019054972804972807
1902061147,0.018695445016199734
1902061148,0.018695445016199734
1902061150,0.022052936775158998
1902061151,0.022052936775158998
1902061152,0.01801561065197429
1902061640,0.0444486846072667
1902061641,0.04684391261095806
1902061642,0.046144749736167646
1902061643,0.04241340645258555
1902061644,0.04241340645258555
1902061645,0.04241340645258555
1902061646,0.04305603382307928
1902061647,0.04305603382307928
1902061648,0.040495284880050504
1902061649,0.040495284880050504
1902061650,0.043683304822417716
1902061651,0.04368330482241772
1902061652,0.043683304822417716
1902061654,0.043683304822417716
1902061655,0.043683304822417716
1902061656,0.041483891332681655
1902061657,0.041483891332681655
1902061658,0.0324742595746694
1902061659,0.03657262023040711
1902061700,0.03657262023040711
1902061701,0.037182163900913896
1902061702,0.03865982769584464
1902061703,0.04204965820431922
1902061704,0.04204965820431922
1902061705,0.043621557840307836
1902061706,0.043621557840307836
1902061707,0.04221441081320113
1902061708,0.042906450334729014
1902061709,0.04221441081320113
1902061710,0.04221441081320113
1902061711,0.04221441081320113
1902061712,0.04221441081320113
1902061713,0.04221441081320113
1902061714,0.0502789269422334
1902061715,0.05164535090130328
1902061716,0.05570414688358237
1902061717,0.05570414688358237
1902061718,0.055520862426104364
1902061719,0.05620283045878284
1902061720,0.05710932772424708
1902061721,0.05804554621152982
1902061722,0.05804554621152982
1902061801,0.059514125446502496
1902061802,0.053715510519946004
1902061804,0.053715510519946004
1902061805,0.053715510519946004
1902061806,0.053715510519946
1902061807,0.053715510519946
1902061808,0.05151609703020993
1902061809,0.04751479687920365
1902061810,0.0467228835978836
1902061811,0.0467228835978836
1902061812,0.0467228835978836
1902061813,0.05175208501479688
1902061814,0.0526443623426382
1902061815,0.048334017515052
1902061816,0.04751479687920365
1902061817,0.04595693468644289
1902061818,0.04595693468644288
1902061819,0.044463960447567
1902061820,0.04520502645502645
1902061821,0.04520502645502645
1902061822,0.04520502645502645
1902061823,0.04520502645502645
1902061824,0.04520502645502645
1902061825,0.04446396044756701
1902061826,0.04374679979518689
1902061827,0.04374679979518689
1902061828,0.04374679979518689
1902061829,0.047020660115898213
1902061830,0.051640841521793907
1902061831,0.04953187003968254
1902061833,0.04953187003968254
1902061834,0.04497898485993724
1902061835,0.04497898485993724
1902061836,0.039452094840025875
1902061837,0.039452094840025875
1902061838,0.039452094840025875
1902061839,0.039452094840025875
1902061840,0.03137230703020177
1902061841,0.03137230703020177
1902061842,0.029179324574061416
1902061843,0.029700383941455372
1902061844,0.029700383941455372
1902061845,0.027210087891906074
1902061846,0.026724193465264893
1902061847,0.03565276489383632
1902061848,0.035027277790435685
1902061849,0.035027277790435685
1902061850,0.035027277790435685
1902061851,0.035027277790435685
1902061852,0.035027277790435685
1902061853,0.03766882483987746
1902061854,0.03766882483987746
1902061855,0.0370193623426382
1902061856,0.0357853835978836
1902061857,0.0357853835978836
1902061858,0.0351987379651314
1902061859,0.034631016385048646
1902061900,0.034631016385048646
1902061901,0.034631016385048646
1902061902,0.03816633597883598
1902061903,0.03816633597883598
1902061905,0.035172071702244116
1902061906,0.03578912559175717
1902061907,0.03578912559175717
1902061908,0.03578912559175717
1902061909,0.03578912559175717
1902061910,0.026598124098124093
1902061911,0.02612315759637188
1902061912,0.02612315759637188
1902061913,0.02255172902494331
1902061914,0.022961760461760457
1902061915,0.022961760461760457
1902061916,0.022961760461760457
1902061917,0.022961760461760457
1902061918,0.022961760461760457
1902061919,0.022961760461760457
1902061920,0.022961760461760457
1902061921,0.023828241988619343
1902061922,0.024771638215034437
1902061923,0.017329290206648695
1902061924,0.018272686433063786
1902061925,0.018272686433063786
1902071906,0.021035594035594036
1902071907,0.015495652008809903
1902071908,0.015495652008809903
1902071909,0.015702260702260704
1902071910,0.015618927368927367
1902071911,0.017096885846885845
1902071912,0.015938584688584688
1902071913,0.013686332436332434
1902071914,0.013503848003848002
1902071915,0.013503848003848002
1902071916,0.014235349787297838
1902071917,0.014235349787297838
1902071918,0.014235349787297838
1902071919,0.014235349787297838
1902071920,0.01442265702134123
1902071921,0.01442265702134123
1902071922,0.01442265702134123
1902071923,0.01442265702134123
1902071924,0.01442265702134123
1902071925,0.01442265702134123
1902071926,0.014614959114959112
1902071927,0.01643314093314093
1902071928,0.016216915394546973
1902071930,0.01771213070555176
1902071931,0.017482103034051087
1902071932,0.017039518147113082
1902071933,0.017039518147113082
1902071934,0.017039518147113082
1902071935,0.016826524170274172
1902071936,0.011981531341287436
1902071937,0.010076043536409387
1902071938,0.010076043536409387
1902071939,0.013124824024214261
1902071940,0.011846529670603739
1902071941,0.006496735431920614
1902071942,0.003368726463238652
1902071943,0.003368726463238652
1902071944,-0.002119078414810126
1902071945,-0.002119078414810126
1902071946,0.0009650072150072123
1902071947,0.0009650072150072123
1902071948,-0.0022277491027491055
1902071949,-0.0022277491027491055
1902071950,-0.0022277491027491055
1902071951,-0.008210655085655091
1902071952,-0.00937254552760882
1902071953,-0.009255388708513713
1902071954,-0.01050538870851371
1902071955,-0.012209934163059164
1902071956,-0.012209934163059164
1902071957,-0.016357661435786437
1902071958,-0.016357661435786437
1902071959,-0.01760766143578644
1902072001,-0.01885766143578644
1902072002,-0.017815994769119773
1902072003,-0.017815994769119773
1902072004,-0.017815994769119773
1902072005,-0.017815994769119773
1902072006,-0.015883537758537764
1902072007,-0.021068172448042582
1902072008,-0.020798067673067678
1902072009,-0.008931425466235595
1902072010,-0.009986277786910703
1902072011,0.00014210326710326285
1902072012,0.00014210326710326285
1902072013,0.00014210326710326285
1902072014,0.0010680291930291886
1902072015,0.0019175708257986716
1902072016,0.0009213789682539664
1902072017,0.0009213789682539664
1902072018,0.0024867724867724816
1902072019,0.005782227032227029
1902072020,0.005782227032227029
1902072021,-0.0006596159035183437
1902072022,0.012145262145262145
1902072023,0.012145262145262145
1902072024,0.011998933685680674
1902072025,0.01759895877542936
1902072026,0.01759895877542936
1902072027,0.01759895877542936
1902072028,0.01759895877542936
1902072029,0.0205401352460176
1902072030,0.0205401352460176
1902072031,0.013677390147978384
1902072032,0.013677390147978384
1902072034,0.012500919559743088
1902072035,0.012500919559743088
1902072036,0.01646404521404521
1902072037,0.01646404521404521
1902072038,0.013507893887640721
1902072039,0.017186691355995147
1902072040,0.017186691355995147
1902072041,0.018048059193892525
1902072042,0.018282449573033984
1902072043,0.018282449573033984
1902072044,0.018282449573033984
1902072045,0.01852300812004759
1902072046,0.018523008120047594
1902072047,0.018523008120047594
1902072048,0.021529202819787232
1902072049,0.021529202819787232
1902072050,0.021529202819787232
1902072051,0.021529202819787232
1902072052,0.018048059193892522
1902072053,0.018048059193892522
1902072054,0.018048059193892522
1902072055,0.012252764971920812
1902072056,0.00959443669147616
1902072057,0.009594436691476164
1902072058,0.00946983361756089
1902072059,0.00946983361756089
1902072100,0.00946983361756089
1902072101,0.0092300909943315
1902072102,0.009230090994331497
1902072103,0.004886961175541421
1902072104,0.005148839215197237
1902072105,0.0052131997053872035
1902072107,0.007713199705387202
1902072108,0.013173530573221928
1902072109,0.013173530573221928
1902072110,0.013173530573221928
1902072111,0.0144080984744565
1902072112,0.0144080984744565
1902072113,0.014232389956475322
1902072114,0.01646571164318078
1902072115,0.013379291890094357
1902072116,0.021586418042210724
1902072117,0.021586418042210724
1902072118,0.025041702595056253
1902072119,0.026382930712749993
1902072120,0.026382930712749993
1902072121,0.029340214392925234
1902072122,0.026328166200154157
1902072123,0.02365589328241767
1902072124,0.023370882519978906
1902072125,0.02471603435145102
1902072126,0.02471603435145102
1902072127,0.026339410974827636
1902072128,0.026339410974827636
1902072129,0.02897071202218261
1902072130,0.03191188849277084
1902072131,0.03650580138506275
1902072132,0.03650580138506275
1902072133,0.03934671047597184
1902072134,0.04059000586388227
1902072135,0.046733074112335474
1902072137,0.046733074112335474
1902072138,0.046733074112335474
1902072139,0.04544175179828589
1902072140,0.0438075748117883
1902072141,0.047903873010407105
1902072142,0.04889780293572428
1902072143,0.05797618705999388
1902072144,0.05797618705999388
1902072145,0.05797618705999388
1902072146,0.05797618705999388
1902072147,0.05864258001470645
1902072148,0.05864258001470645
1902072149,0.05289545357792484
1902072150,0.05289545357792484
1902072151,0.05289545357792484
1902072152,0.05289545357792484
1902072153,0.05289545357792484
1902072154,0.05835547823193172
1902072155,0.059042013269954445
1902072156,0.059042013269954445
1902072157,0.06064629134482075
1902072158,0.06064629134482075
1902072159,0.0724109972271737
1902072200,0.07631474054268171
1902072201,0.07631474054268171
1902072202,0.07631474054268171
1902072203,0.07984415230738759
1902072205,0.07984415230738759
1902072206,0.08260635570262007
1902072207,0.08260635570262007
1902072208,0.08260635570262007
1902072209,0.08257152463330625
1902072210,0.08257152463330625
1902072211,0.0764064253647587
1902072212,0.07708775730792777
1902072213,0.07708775730792777
1902072214,0.07708775730792777
1902072215,0.0762216027314342
1902072216,0.0752105586516506
1902081746,0.05260098697598698
1902081747,0.055881519274376415
1902081748,0.053327328738512945
1902081749,0.053327328738512945
1902081750,0.050537542746446854
1902081751,0.050537542746446854
1902081752,0.04985460297960298
1902081753,0.049189874939874936
1902081754,0.049189874939874936
1902081755,0.04985460297960297
1902081756,0.04985460297960297
1902081757,0.05115398110261123
1902081758,0.05115398110261123
1902081759,0.059503341951258615
1902081800,0.06553754274644684
1902081801,0.06553754274644684
1902081802,0.06303754274644685
1902081803,0.06391306417348083
1902081805,0.06391306417348083
1902081806,0.06444547158088824
1902081807,0.06604269380311047
1902081808,0.06604269380311047
1902081809,0.06513799936745142
1902081810,0.06334559397059397
1902081811,0.06334559397059397
1902081812,0.06334559397059397
1902081813,0.06334559397059397
1902081814,0.062433431808431805
1902081815,0.062433431808431805
1902081816,0.062433431808431805
1902081817,0.062433431808431805
1902081818,0.062433431808431805
1902081819,0.062433431808431805
1902081820,0.060822198172198166
1902081821,0.060822198172198166
1902081822,0.060731957606957605
1902081823,0.0665765522015522
1902081824,0.0665765522015522
1902081825,0.06836709274209274
1902081826,0.06836709274209274
1902081827,0.06819795574795574
1902081828,0.0648646224146224
1902081829,0.07153128908128907
1902081830,0.07147824580390369
1902081832,0.06973128908128907
1902081833,0.06883128908128908
1902081834,0.06883128908128908
1902081835,0.06793128908128908
1902081836,0.06884927947427948
1902081837,0.06884927947427948
1902081838,0.06884927947427948
1902081839,0.06793711731211731
1902081840,0.07506924944424945
1902081841,0.07506924944424945
1902081842,0.07462684275184275
1902081843,0.07462684275184275
1902081844,0.07530251842751842
1902081845,0.07530251842751842
1902081846,0.07530251842751842
1902081847,0.07561271498771499
1902081848,0.07664850560398506
1902081849,0.07664850560398506
1902081850,0.07426136363636364
1902081851,0.07561271498771498
1902081852,0.07075809464508095
1902130745,0.09289517591326801
1902130746,0.09289517591326801
1902130747,0.09289517591326801
1902130748,0.09289517591326801
1902130749,0.09289517591326801
1902130750,0.09289517591326801
1902130751,0.09289517591326801
1902130752,0.09289517591326801
1902130753,0.0896057022290575
1902130754,0.0896057022290575
1902130755,0.0896057022290575
1902130756,0.0896057022290575
1902130757,0.0860769940950862
1902130759,0.0860769940950862
1902130800,0.0860769940950862
1902130801,0.0860769940950862
1902130802,0.0860769940950862
1902130803,0.08495911105489028
1902130804,0.08495911105489028
1902130805,0.08495911105489028
1902130806,0.08495911105489028
1902130807,0.08495911105489028
1902130808,0.08495911105489028
1902130809,0.08495911105489028
1902130810,0.08495911105489028
1902130811,0.08495911105489028
1902130812,0.08495911105489028
1902130813,0.08495911105489028
1902130814,0.08495911105489028
1902130815,0.08495911105489028
1902130816,0.08495911105489028
1902130817,0.08495911105489028
1902130818,0.0860769940950862
1902130819,0.0860769940950862
1902130820,0.0860769940950862
1902130821,0.0860769940950862
1902130822,0.08428273572188046
1902130823,0.08428273572188046
1902130824,0.08428273572188046
1902130825,0.08428273572188046
1902130826,0.08428273572188046
1902130827,0.08428273572188046
1902130828,0.08428273572188046
1902130830,0.08553871658312447
1902130831,0.08177931808688388
1902130832,0.082869708994709
1902130833,0.08398956992706992
1902130834,0.08398956992706992
1902130835,0.08851572381664972
1902130836,0.0799528934818569
1902130837,0.07828992230669059
1902130838,0.06687217036435786
1902130839,0.06687217036435786
1902130840,0.06687217036435786
1902130841,0.06374717036435787
1902130842,0.06913300776726702
1902130843,0.06296016826109418
1902130844,0.06296016826109418
1902130845,0.06296016826109418
1902130846,0.06296016826109418
1902130847,0.06280211742864181
1902130848,0.06280211742864181
1902130849,0.06280211742864181
1902130850,0.06280211742864181
1902130851,0.06280211742864181
1902130852,0.06280211742864181
1902130853,0.06280211742864181
1902130854,0.06280211742864181
1902130855,0.06280211742864181
1902130856,0.06280211742864181
1902130857,0.06357745221171146
1902130858,0.05987374850800776
1902130900,0.05987374850800776
1902130901,0.05987374850800776
1902130902,0.05987374850800776
1902130903,0.05987374850800776
1902130904,0.05749463328167031
1902130905,0.05679347921725971
1902130906,0.0567934792172597
1902130907,0.05618372311969872
1902130908,0.05618372311969872
1902130909,0.05618372311969872
1902130910,0.055506810792955365
1902130911,0.05383362149368247
1902130912,0.05318502364436098
1902130913,0.05318502364436098
1902130914,0.05255186860097573
1902130915,0.05255186860097573
1902130916,0.05255186860097573
1902130917,0.05255186860097573
1902130918,0.05255186860097573
1902130919,0.05255186860097573
1902130920,0.0536590823197966
1902130921,0.050682891843606116
1902130922,0.050682891843606116
1902130923,0.051293529094733906
1902130924,0.050088709817625476
1902130925,0.050088709817625476
1902130926,0.050088709817625476
1902130927,0.050088709817625476
1902130929,0.050088709817625476
1902130930,0.05246860612932041
1902130931,0.05246860612932041
1902130932,0.052468606129320416
1902130933,0.05185132841015194
1902130934,0.05185132841015194
1902130935,0.05124840598677809
1902130936,0.05283402966542501
1902130937,0.05283402966542501
1902130938,0.05283402966542501
1902130939,0.05283402966542501
1902130940,0.051851328410151935
1902130941,0.051851328410151935
1902130942,0.04344691726232423
1902130943,0.04344691726232423
1902130944,0.04848567695224672
1902130945,0.04848567695224672
1902130946,0.04848567695224672
1902130947,0.04848567695224672
1902130948,0.04848567695224672
1902130949,0.04848567695224672
1902130950,0.04905609668109668
1902130951,0.05121295942619472
1902130952,0.05121295942619472
1902130953,0.05121295942619472
1902130954,0.05121295942619472
1902130955,0.04827178295560648
1902130957,0.04827178295560648
1902130958,0.04969251275210578
1902130959,0.04969251275210578
1902131000,0.04969251275210578
1902131001,0.04969251275210578
1902131002,0.04969251275210578
1902131003,0.04969251275210578
1902131004,0.05339230133561528
1902131005,0.054345994841684495
1902131006,0.054345994841684495
1902131007,0.054345994841684495
1902131008,0.054345994841684495
1902131009,0.054345994841684495
1902131010,0.05312473653063541
1902131011,0.0414233505691839
1902131012,0.0414233505691839
1902131013,0.0414233505691839
1902131014,0.0414233505691839
1902131015,0.03990819905403238
1902131016,0.03990819905403238
1902131017,0.03990819905403238
1902131018,0.03990819905403238
1902131019,0.03990819905403238
1902131020,0.03990819905403238
1902131021,0.03990819905403238
1902131022,0.03990819905403238
1902131023,0.03990819905403238
1902131024,0.03990819905403238
1902131025,0.03990819905403238
1902131027,0.03990819905403238
1902131736,0.051358397807865906
1902131737,0.050444362984685576
1902131738,0.04910027696318019
1902131739,0.04910027696318019
1902131740,0.04910027696318019
1902131741,0.04910027696318019
1902131742,0.050028610573823344
1902131743,0.050028610573823344
1902131744,0.050028610573823344
1902131745,0.042593891038039976
1902131746,0.04786317295293358
1902131747,0.04786317295293358
1902131748,0.04786317295293358
1902131749,0.05422238835725677
1902131750,0.052663253630050505
1902131751,0.052663253630050505
1902131752,0.052663253630050505
1902131754,0.052663253630050505
1902131755,0.052663253630050505
1902131756,0.05545681423611112
1902131757,0.06788267543859648
1902131758,0.06788267543859648
1902131759,0.06788267543859648
1902131800,0.06860483156028369
1902131801,0.06860483156028369
1902131802,0.06860483156028369
1902131803,0.06860483156028369
1902131804,0.06860483156028369
1902131805,0.06473635960670535
1902131806,0.06473635960670535
1902131807,0.07058742343649257
1902131808,0.07058742343649257
1902131809,0.0717963209219858
1902131810,0.06875680724417425
1902131811,0.0616968459288938
1902131812,0.0616968459288938
1902131813,0.0616968459288938
1902131814,0.06089397721454173
1902131815,0.06089397721454173
1902131816,0.05801030175022111
1902131817,0.06089397721454173
1902131818,0.06089397721454173
1902131819,0.06089397721454173
1902131820,0.06253946434389984
1902131821,0.06661598026068136
1902131822,0.06457793678242049
1902131824,0.06457793678242049
1902131825,0.06457793678242049
1902131826,0.06457793678242049
1902131827,0.06457793678242049
1902131828,0.06457793678242049
1902131829,0.06457793678242049
1902131830,0.06729532808676832
1902131831,0.06729532808676832
1902131832,0.06294750199981178
1902131833,0.06294750199981178
1902131834,0.0656648933041596
1902131835,0.06624130964144552
1902131836,0.07136484051662624
1902131837,0.07017602932781504
1902131838,0.07090784215784215
1902131839,0.07571553446553447
1902131840,0.07571553446553447
1902131841,0.08258366633366634
1902131842,0.08640234765234765
1902131843,0.08846278721278722
1902131844,0.09021862648221345
1902131845,0.09193670576735094
1902131846,0.09865713587487782
1902131847,0.09865713587487782
1902131848,0.1057539100684262
1902131849,0.1057539100684262
1902131850,0.10777003910068426
1902131852,0.1136962365591398
1902131853,0.1136962365591398
1902131854,0.1136962365591398
1902131855,0.1136962365591398
1902131856,0.1171786412512219
1902131857,0.12049036561264823
1902131858,0.1323592458677686
1902131859,0.1323592458677686
1902131900,0.1323592458677686
1902131901,0.1323592458677686
1902131902,0.1323592458677686
1902131903,0.1323592458677686
1902131904,0.13505810950413222
1902131905,0.14293234064785787
1902131906,0.138616341991342
1902131907,0.14248352837638553
1902131908,0.14509341848627563
1902131909,0.14509341848627563
1902131910,0.14660440749726464
1902131911,0.14239195328481044
1902131912,0.1439740860990861
1902131913,0.14523671236171234
1902131914,0.14523671236171234
1902131915,0.14676826450702857
1902131917,0.14513750601250602
1902131918,0.14513750601250602
1902131919,0.14513750601250602
1902131920,0.14513750601250602
1902131921,0.14513750601250602
1902131922,0.14476713564213564
1902131923,0.14376713564213564
1902131924,0.14376713564213564
1902131925,0.14376713564213567
1902131926,0.13959253246753245
1902131927,0.13959253246753245
1902131928,0.14116098788851597
1902131929,0.14396997665256092
1902131930,0.14423555377207062
1902131931,0.13917004870129868
1902131932,0.11842065131837859
1902131933,0.12236951495474223
1902131934,0.1287614305170485
1902131936,0.11995781397721053
1902131937,0.11248654960939446
1902131938,0.11461738427292406
1902131939,0.11643556609110585
1902131940,0.11333294459372047
1902131941,0.12454507022333727
1902131942,0.12454507022333727
1902131944,0.12454507022333727
1902131945,0.12454507022333727
1902131946,0.12435567628394334
1902131947,0.12337427132526564
1902131948,0.12378579636655479
1902131949,0.12769029074857727
1902131950,0.12630040768890202
1902131951,0.12357313496162928
1902131952,0.12683259628302732
1902131953,0.12683259628302732
1902131954,0.12710427862367515
1902131955,0.12710427862367515
1902131956,0.12710427862367515
1902131957,0.12732430723346422
1902131958,0.1229398873185638
1902131959,0.1229398873185638
1902132000,0.12151035374509213
1902132001,0.12178519518272425
1902132002,0.12461465254706536
1902132003,0.12461465254706536
1902132004,0.121374824929972
1902132005,0.11291660300483831
1902132006,0.11291660300483831
1902132007,0.11543761140819965
1902132009,0.11383567821067822
1902132010,0.11193091630591631
1902132011,0.11026743336984302
1902132012,0.09892707192405988
1902132013,0.0955385177071924
1902132014,0.09365484109386549
1902132015,0.09365484109386549
1902132016,0.09172465394687616
1902132017,0.09172465394687616
1902132018,0.09172465394687616
1902132019,0.09172465394687616
1902132020,0.09172465394687616
1902132021,0.09172465394687616
1902132022,0.09172465394687616
1902132023,0.09172465394687616
1902132024,0.09069584736251404
1902132025,0.09069584736251404
1902132026,0.09069584736251404
1902132027,0.09069584736251404
1902132028,0.08254769921436589
1902132030,0.08024691358024694
1902132031,0.07954545454545456
1902132032,0.07951080931263858
1902132033,0.08156489594742608
1902132034,0.08357007575757577
1902132035,0.08258689839572195
1902132036,0.08321220930232559
1902132037,0.08321220930232559
1902132038,0.0851293103448276
1902132039,0.08740868506493506
1902132040,0.08762968353485595
1902132041,0.08663389167650531
1902132042,0.08521343713105077
1902132043,0.08521343713105077
1902132044,0.08521343713105077
1902132045,0.08425598278126369
1902132046,0.08425598278126369
1902132047,0.08425598278126369
1902132048,0.08425598278126369
1902132049,0.08301818919716647
1902132050,0.08301818919716647
1902132051,0.08301818919716647
1902132052,0.08301818919716647
1902132053,0.08301818919716647
1902132054,0.08301818919716647
1902132055,0.08529091646989374
1902132056,0.09097273465171195
1902132058,0.0914436856247201
1902132059,0.0914436856247201
1902132100,0.0914436856247201
1902132101,0.0914436856247201
1902132102,0.09134419359710058
1902132103,0.09134419359710058
1902132104,0.08940620910097655
1902132105,0.0951706100412997
1902132106,0.0974099185128597
1902132107,0.09446874204227144
1902132108,0.09449496999212909
1902132109,0.09449496999212909
1902132110,0.09449496999212909
1902132111,0.09733587908303817
1902132112,0.09733587908303817
1902132113,0.0988378240533413
1902132114,0.09812663596093828
1902132115,0.09696384526326386
1902132116,0.09077094840025876
1902132117,0.08893186794048862
1902132119,0.08792127853207399
1902132120,0.0870927874807185
1902132121,0.12042612081405184
1902132122,0.14111577598646563
1902132123,0.13954837786734337
1902132124,0.1393197989749714
1902132125,0.13721886640491293
1902132126,0.13699497071555897
1902132127,0.13699497071555897
1902132128,0.13699497071555897
1902132129,0.13540200593979665
1902132130,0.13540200593979665
1902140809,0.0919354013104013
1902140810,0.0919354013104013
1902140812,0.0919354013104013
1902140813,0.0919354013104013
1902140814,0.0919354013104013
1902140815,0.0919354013104013
1902140816,0.0919354013104013
1902140817,0.08940161752661753
1902140818,0.08940161752661753
1902140819,0.08940161752661753
1902140820,0.08940161752661753
1902140821,0.08940161752661753
1902140822,0.08940161752661753
1902140823,0.09062629721876297
1902140824,0.09062629721876297
1902140825,0.09062629721876297
1902140827,0.09062629721876297
1902140828,0.0941879410543794
1902140829,0.09122594185094185
1902140830,0.09460432022932022
1902140831,0.09460432022932022
1902140832,0.09334292929292931
1902140833,0.09334292929292931
1902140834,0.09334292929292931
1902140835,0.07895683811802232
1902140836,0.07895683811802232
1902140837,0.07793142463597008
1902140839,0.07714597902097903
1902140840,0.0753783084004603
1902140841,0.0753783084004603
1902140842,0.0753783084004603
1902140843,0.0753783084004603
1902140844,0.0753783084004603
1902140845,0.0753783084004603
1902140846,0.0753783084004603
1902140848,0.07443607954545454
1902140849,0.07443607954545454
1902140850,0.07443607954545454
1902140851,0.07351711560044893
1902140852,0.07351711560044893
1902140853,0.07351711560044893
1902140854,0.07351711560044893
1902140855,0.07351711560044893
1902140856,0.07351711560044893
1902140857,0.07351711560044893
1902140859,0.07351711560044893
1902140900,0.07351711560044893
1902140902,0.07351711560044893
1902140903,0.07351711560044893
1902140904,0.07351711560044893
1902140905,0.07566934589800443
1902140906,0.07566934589800443
1902140907,0.07566934589800443
1902140908,0.07756107954545455
1902140910,0.07322951739618407
1902140911,0.07322951739618407
1902140912,0.07322951739618407
1902140913,0.07322951739618407
1902140914,0.07322951739618407
1902140915,0.05934062850729518
1902140916,0.05934062850729518
1902140917,0.061665742793791584
1902140919,0.061665742793791584
1902140920,0.061665742793791584
1902140921,0.061665742793791584
1902140922,0.061665742793791584
1902140923,0.061665742793791584
1902140924,0.061665742793791584
1902140925,0.061665742793791584
1902140926,0.061665742793791584
1902140927,0.061665742793791584
1902140928,0.06166574279379158
1902140929,0.06300720620842572
1902140930,0.06378507295173962
1902140931,0.06378507295173963
1902140933,0.06378507295173963
1902140934,0.06378507295173963
1902140935,0.06378507295173963
1902140936,0.06195426487093154
1902140937,0.06195426487093154
1902140938,0.06195426487093154
1902140939,0.057312026515151514
1902140940,0.057312026515151514
1902140942,0.057312026515151514
1902140943,0.057312026515151514
1902140944,0.057312026515151514
1902140945,0.057312026515151514
1902140947,0.057312026515151514
1902140948,0.0509304464397057
1902140950,0.0509304464397057
1902140951,0.04906707702020202
1902140952,0.04906707702020202
1902140953,0.04906707702020202
1902140954,0.04906707702020202
1902140955,0.04906707702020202
1902140956,0.04906707702020202
1902140957,0.04906707702020202
1902140958,0.04906707702020202
1902140959,0.053680172258297264
1902141000,0.053680172258297264
1902141001,0.053680172258297264
1902141002,0.056103873835355325
1902141003,0.053680172258297264
1902141004,0.053680172258297264
1902141005,0.053680172258297264
1902141006,0.056103873835355325
1902141007,0.056103873835355325
1902141008,0.056103873835355325
1902141009,0.056103873835355325
1902141010,0.056103873835355325
1902141011,0.05805517225829726
1902141012,0.05805517225829726
1902141013,0.05805517225829726
1902141014,0.05805517225829726
1902141015,0.06005587064131369
1902141016,0.06005587064131369
1902141956,0.06074544932978668
1902141957,0.06074544932978668
1902141958,0.06074544932978668
1902141959,0.06255267824544933
1902142000,0.06255267824544933
1902142001,0.06255267824544933
1902142002,0.06255267824544933
1902142003,0.06255267824544933
1902142004,0.06255267824544933
1902142005,0.05913433111603844
1902142006,0.053036770140428686
1902142007,0.053036770140428686
1902142008,0.054866038433111615
1902142010,0.054866038433111615
1902142011,0.054866038433111615
1902142012,0.054866038433111615
1902142013,0.0548660384331116
1902142014,0.0548660384331116
1902142015,0.0548660384331116
1902142016,0.05400018705574261
1902142017,0.053341648189209175
1902142018,0.05044530672579453
1902142019,0.05044530672579453
1902142020,0.05044530672579453
1902142021,0.049837531945965685
1902142022,0.049837531945965685
1902142023,0.054303751803751805
1902142024,0.05866488413547237
1902142025,0.05866488413547237
1902142026,0.05866488413547237
1902142027,0.05866488413547237
1902142028,0.05866488413547237
1902142029,0.0616060606060606
1902142030,0.06394117647058824
1902142031,0.061294117647058825
1902142032,0.061294117647058825
1902142033,0.057674418604651174
1902142035,0.057298850574712644
1902142036,0.05672413793103448
1902142037,0.05787356321839081
1902142038,0.06394117647058824
1902142039,0.06589285714285713
1902142040,0.06589285714285713
1902142041,0.06470238095238094
1902142042,0.06470238095238094
1902142043,0.06470238095238094
1902142044,0.06470238095238094
1902142045,0.06470238095238094
1902142046,0.06688235294117646
1902142047,0.06688235294117646
1902142048,0.07276470588235293
1902142049,0.07276470588235293
1902142050,0.07276470588235293
1902142051,0.07080392156862743
1902142052,0.0804457364341085
1902142053,0.0804457364341085
1902142054,0.08335294117647057
1902142055,0.08238372093023255
1902151202,0.33187095825984714
1902151203,0.33187095825984714
1902151204,0.3246487360376249
1902151205,0.32464075276575277
1902151206,0.3282964746447892
1902151207,0.3282964746447892
1902151208,0.3282964746447892
1902151209,0.3226784971166993
1902151210,0.3189589345839346
1902151211,0.3189589345839346
1902151213,0.3189589345839346
1902151214,0.3189589345839346
1902151215,0.3100191064079953
1902151216,0.3100191064079953
1902151217,0.3104903198653199
1902151218,0.3104903198653199
1902151219,0.3065879097488292
1902151220,0.3065879097488292
1902151221,0.3065879097488292
1902151222,0.3065879097488292
1902151223,0.3065879097488292
1902151224,0.3065879097488292
1902151225,0.3065879097488292
1902151226,0.3065879097488292
1902151227,0.3065879097488292
1902151228,0.2991166453810132
1902151229,0.30199020859940395
1902151230,0.30199020859940395
1902151231,0.3025357744107744
1902151232,0.2940130471380471
1902151233,0.291645381013197
1902151234,0.291645381013197
1902151235,0.28457149009474586
1902151236,0.2879193899782135
1902151237,0.2879193899782135
1902151239,0.2879193899782135
1902151240,0.2845714900947458
1902151241,0.28747846683893186
1902151242,0.28747846683893186
1902151243,0.28014796357819605
1902151244,0.28014796357819605
1902151245,0.28014796357819605
1902151246,0.28014796357819605
1902151247,0.28014796357819605
1902151248,0.28014796357819605
1902151249,0.28014796357819605
1902151250,0.2754910904336191
1902151251,0.27703334563799675
1902151252,0.27703334563799675
1902151253,0.27703334563799675
1902151254,0.27703334563799675
1902151255,0.27703334563799675
1902151256,0.27703334563799675
1902151257,0.27703334563799675
1902151258,0.27703334563799675
1902151259,0.27703334563799675
1902151300,0.27703334563799675
1902151301,0.27703334563799675
1902151302,0.27703334563799675
1902151304,0.27703334563799675
1902151305,0.27703334563799675
1902151306,0.2681531872008062
1902151307,0.26535985210684004
1902151308,0.26535985210684004
1902151309,0.26535985210684004
1902151310,0.26535985210684004
1902151311,0.2595365589341493
1902151312,0.2595365589341493
1902151313,0.2595365589341493
1902151314,0.2627016389211511
1902151315,0.2675796877016389
1902151316,0.27218716134378784
1902151317,0.27218716134378784
1902151318,0.2748967608723706
1902151319,0.2748967608723706
1902151320,0.2748967608723706
1902151321,0.2748967608723706
1902151322,0.27359278383374763
1902151323,0.2712729536258948
1902151324,0.2712729536258948
1902151325,0.26362589480236537
1902151326,0.26362589480236537
1902151327,0.26362589480236537
1902151328,0.26362589480236537
1902151329,0.2595082477435418
1902151330,0.26259763164525063
1902151331,0.25902620307382207
1902151332,0.23856668023334685
1902151334,0.23856668023334685
1902151335,0.2219000135666802
1902151336,0.21262969834398399
1902151337,0.21243888554015133
1902151338,0.20421103743888552
1902151339,0.20737559440091083
1902151340,0.20737559440091083
1902151341,0.21687452758881332
1902151342,0.21711065509766808
1902151343,0.21996737424369003
1902151344,0.2147042163489532
1902151345,0.2147042163489532
1902151346,0.2175669392336059
1902151347,0.2175669392336059
1902151348,0.2175669392336059
1902151349,0.2175669392336059
1902151350,0.2112558281224948
1902151351,0.2112558281224948
1902151352,0.2112558281224948
1902151353,0.2112558281224948
1902151354,0.2112558281224948
1902151355,0.2112558281224948
1902151356,0.2084761461735146
1902151357,0.2084761461735146
1902151358,0.21702877775246196
1902151359,0.21702877775246196
1902151400,0.22558140933140933
1902151402,0.21992249478916145
1902151403,0.21702013955260707
1902151404,0.21702013955260707
1902151405,0.21702013955260707
1902151406,0.21507208760455515
1902151407,0.21507208760455515
1902151408,0.21294694002486209
1902151409,0.2156525677304898
1902151410,0.20993746993746995
1902151411,0.20993746993746995
1902151412,0.20993746993746995
1902151413,0.21273663620330288
1902151414,0.21370451578243785
1902151415,0.20796378572694363
1902151416,0.2052629573408794
1902151417,0.2052629573408794
1902151418,0.2052629573408794
1902151419,0.2052629573408794
1902151420,0.20189687241770576
1902151421,0.20189687241770576
1902151422,0.20189687241770576
1902151423,0.20189687241770576
1902151424,0.21023020575103912
1902151425,0.21023020575103912
1902151427,0.21023020575103912
1902151428,0.21023020575103912
1902151429,0.21023020575103912
1902151430,0.21343533395616726
1902151431,0.20510200062283393
1902151432,0.21516400061494995
1902151433,0.22339184871621579
1902151434,0.22170408500313557
1902151435,0.22170408500313557
1902151436,0.22170408500313557
1902151437,0.22170408500313557
1902151438,0.22170408500313557
1902151439,0.22170408500313557
1902151440,0.2189327839405964
1902151441,0.2189327839405964
1902151442,0.2189327839405964
1902151443,0.2189327839405964
1902151444,0.2189327839405964
1902151445,0.21853952804111032
1902151446,0.21853952804111032
1902151447,0.21853952804111032
1902151448,0.21853952804111032
1902151449,0.21853952804111032
1902151450,0.21853952804111032
1902151451,0.20904585715503432
1902151453,0.20904585715503432
1902151454,0.20904585715503432
1902151455,0.20904585715503432
1902151456,0.20904585715503432
1902151457,0.20904585715503432
1902151458,0.20904585715503432
1902151459,0.20904585715503432
1902151500,0.21455778394059646
1902151501,0.23721756438577424
1902151502,0.23721756438577424
1902151503,0.24225149652741113
1902151504,0.24225149652741113
1902151505,0.23432466725911846
1902151506,0.2315014784969604
1902151507,0.2315014784969604
1902151508,0.22334905750302092
1902151509,0.22334905750302092
1902151510,0.223110317020378
1902151511,0.223110317020378
1902151512,0.2294256480308309
1902151513,0.23449280889792937
1902151514,0.23449280889792937
1902151516,0.23735247729912362
1902151517,0.23735247729912362
1902151518,0.250155459500339
1902151519,0.25610598974438253
1902151520,0.25610598974438253
1902151521,0.24966160555131142
1902151522,0.2543167031611799
1902151523,0.2543167031611799
1902151524,0.25886478703289045
1902151525,0.25886478703289045
1902151526,0.2508188100213962
1902151527,0.2553549599075167
1902151528,0.2553549599075167
1902151529,0.2602359607984608
1902151530,0.25876405081660764
1902151531,0.2559231417256985
1902151532,0.26035097159394915
1902151533,0.26035097159394915
1902151534,0.26035097159394915
1902151535,0.257458183020683
1902151537,0.2546289722182579
1902151538,0.2631315749662524
1902151539,0.2840993169017363
1902151540,0.2840993169017363
1902151541,0.2840993169017363
1902151542,0.2835616824931341
1902151543,0.29055092980496205
1902151544,0.29055092980496205
1902151545,0.29055092980496205
1902151546,0.29055092980496205
1902151547,0.29055092980496205
1902151548,0.29361497766417977
1902151549,0.29361497766417977
1902151550,0.29446798049620626
1902151551,0.2982502360228424
1902151552,0.29771832112922536
1902151553,0.2998459807036935
1902151555,0.2998459807036935
1902151556,0.2998459807036935
1902151557,0.2998459807036935
1902151558,0.2998459807036935
1902151559,0.30676087432071475
1902151600,0.30676087432071475
1902151601,0.30676087432071475
1902151602,0.30676087432071475
1902151603,0.30676087432071475
1902151604,0.30676087432071475
1902151605,0.31005937834566866
1902151606,0.31005937834566866
1902151607,0.30782470410794877
1902151608,0.30782470410794877
1902151609,0.30782470410794877
1902151610,0.30782470410794877
1902151611,0.31208002325688494
1902151612,0.31208002325688494
1902151613,0.31208002325688494
1902151614,0.30516512963986364
1902151615,0.30556279965554156
1902151616,0.3049717060421847
1902151617,0.308603582820688
1902151618,0.308603582820688
1902151619,0.308603582820688
1902151620,0.31632646216630594
1902151622,0.31976639554603475
1902151623,0.32464612063194537
1902151624,0.3246461206319454
1902151625,0.3246461206319454
1902151626,0.3246461206319454
1902151627,0.32464612063194537
1902151628,0.32464612063194537
1902151629,0.32464612063194537
1902151630,0.3316939181952068
1902151631,0.3316939181952068
1902151632,0.31983824809211403
1902151633,0.3188619906725577
1902151634,0.31662870505345
1902151635,0.31989291850760926
1902151636,0.31473827933235154
1902151637,0.31473827933235154
1902151638,0.31473827933235154
1902151639,0.31473827933235154
1902151640,0.3295510912698413
1902151641,0.3198621553884711
1902151642,0.3256516290726817
1902151644,0.3222011144883485
1902151645,0.3081878306878307
1902151646,0.3116506153023007
1902151647,0.3137433862433862
1902151648,0.3099652220438737
1902151649,0.31726859283039055
1902151650,0.3208739177489177
1902151651,0.32457196361690743
1902151652,0.32457196361690743
1902151653,0.32457196361690743
1902151654,0.32457196361690743
1902151655,0.32344836811128946
1902151656,0.32344836811128946
1902151657,0.32344836811128946
1902151658,0.32344836811128946
1902151659,0.32344836811128946
1902151700,0.33062532705389847
1902151701,0.33062532705389847
1902151702,0.33062532705389847
1902151703,0.3270767195767196
1902151704,0.3270767195767196
1902151705,0.3296281433921883
1902151706,0.3267255216693419
1902151707,0.32429106474050295
1902151708,0.33159443552701984
1902151710,0.32343073593073596
1902151711,0.3319534632034632
1902151712,0.3282977558839628
1902151713,0.332895457033388
1902151714,0.332895457033388
1902151715,0.3431616832779623
1902151716,0.3431616832779623
1902151717,0.3431616832779623
1902151718,0.3466885604816639
1902151719,0.3516848681621409
1902151720,0.3516848681621409
1902151721,0.35572722296860215
1902151722,0.35572722296860215
1902151723,0.35572722296860215
1902151724,0.35295557616986184
1902151725,0.35645021645021635
1902151726,0.35295557616986184
1902151727,0.35295557616986184
1902151729,0.35295557616986184
1902151730,0.35652700474129045
1902151731,0.3256188256188256
1902151732,0.31339355089355087
1902151733,0.3178357650579873
1902151734,0.3178357650579873
1902151735,0.3218865484109386
1902151736,0.3267645971914264
1902151737,0.3227740366629255
1902151738,0.3295641601197157
1902151739,0.3295641601197157
1902151740,0.3255587121212121
1902151741,0.3298295454545454
1902151742,0.32575757575757575
1902151743,0.32575757575757575
1902151744,0.3276094276094276
1902151745,0.3276094276094276
1902151746,0.3276094276094276
1902151747,0.3276094276094276
1902151748,0.3276094276094276
1902151749,0.3276094276094276
1902151750,0.3276094276094276
1902151751,0.3276094276094276
1902151753,0.3195847362514029
1902151754,0.3195847362514029
1902151755,0.3195847362514029
1902151756,0.3195847362514029
1902151757,0.3195847362514029
1902151758,0.3115600448933782
1902151759,0.30732954545454544
1902151800,0.30732954545454544
1902151801,0.30732954545454544
1902151802,0.29920454545454545
1902151803,0.29859708193041523
1902151804,0.30483370288248335
1902151805,0.31662177328843993
1902151806,0.31662177328843993
1902151807,0.32284775465498355
1902151808,0.33067907995618834
1902151809,0.32998917748917744
1902151810,0.314512987012987
1902151811,0.31845989304812833
1902151812,0.3337540106951871
1902151813,0.3337540106951871
1902151837,0.32032220943613343
1902151838,0.33256818181818176
1902201720,0.03232575757575758
1902201721,0.03232575757575758
1902201722,0.03232575757575758
1902201723,0.03232575757575758
1902201724,0.036864945753834644
1902201725,0.036864945753834644
1902201726,0.036864945753834644
1902201727,0.033562476618032175
1902201728,0.03315317812269032
1902201729,0.036201958610495195
1902201731,0.03376293422025129
1902211401,0.03297387136672851
1902211402,0.03297387136672851
1902211725,0.07661968713105076
1902211726,0.07519923258559623
1902211727,0.07519923258559623
1902211728,0.07519923258559623
1902211729,0.0780401416765053
1902211730,0.07997227491609514
1902211731,0.08165766817452211
1902211732,0.07884867941047717
1902211733,0.07884867941047717
1902211734,0.07884867941047717
1902211735,0.07884867941047716
1902211736,0.07884867941047716
1902211737,0.07884867941047716
1902211738,0.07884867941047716
1902211739,0.09136144754122281
1902211740,0.08405807675470596
1902211742,0.07872099810302056
1902211743,0.07872099810302056
1902211744,0.07872099810302056
1902211745,0.07872099810302056
1902211919,0.1084815416065416
1902211920,0.1084815416065416
1902211921,0.1091209385852243
1902212052,0.12484202625331656
1902212053,0.12484202625331656
1902212054,0.12054095098449935
1902212055,0.12185117871259173
1902212056,0.12054095098449935
1902212057,0.12703584093211753
1902212058,0.12302547363031234
1902212059,0.1264652014652015
1902212100,0.12780797101449276
1902212101,0.12780797101449276
1902212102,0.12780797101449276
1902212103,0.1259963768115942
1902212104,0.12738095238095237
1902212105,0.12601851851851853
1902212106,0.12601851851851853
1902212108,0.12324074074074072
1902212109,0.1190074906367041
1902212110,0.1190074906367041
1902212111,0.1190074906367041
1902212112,0.11768518518518517
1902212113,0.11768518518518517
1902212114,0.11768518518518517
1902212115,0.11768518518518517
